matrix_cv2:
[[ 7.53496708e-01  2.67479949e-01 -1.83197586e+02]
 [-3.99227991e-02  8.41850329e-01  4.57029261e+00]
 [ 3.03922821e-04  6.21097907e-04  1.00000000e+00]]
-----------
matrix_by_method_1:
[[ 7.53496708e-01  2.67479949e-01 -1.83197586e+02]
 [-3.99227991e-02  8.41850329e-01  4.57029261e+00]
 [ 3.03922821e-04  6.21097907e-04  1.00000000e+00]]
-----------
matrix_by_method_2:
[[ 7.53496708e-01  2.67479949e-01 -1.83197586e+02]
 [-3.99227991e-02  8.41850329e-01  4.57029261e+00]
 [ 3.03922821e-04  6.21097907e-04  1.00000000e+00]]
-----------
